%%MatrixMarket matrix coordinate  real general
10844 10844 6339
9600 9600 -4.3107292764331422985080166654370259493589401245117187500000000000e-02
9601 9600 1.0891400457176276736492859242844133405014872550964355468750000000e-02
9603 9600 8.7227515046250717056786072589602554216980934143066406250000000000e-03
9606 9600 6.9989192338796571077330632704160962020978331565856933593750000000e-03
9696 9600 4.8634562599109594505097931005366262979805469512939453125000000000e-03
9890 9600 5.6559940299474812525071243385355046484619379043579101562500000000e-03
10434 9600 5.9747712787919758647969814546740963123738765716552734375000000000e-03
9600 9601 1.0891400457176276736492859242844133405014872550964355468750000000e-02
9601 9601 -4.5228369188650925647454670297520351596176624298095703125000000000e-02
9602 9601 2.2268913541739494832416568215194274671375751495361328125000000000e-02
9611 9601 7.8040600710911293275140465652839338872581720352172851562500000000e-03
9619 9601 4.2639951186440238836694582857944624265655875205993652343750000000e-03
9601 9602 2.2268913541739494832416568215194274671375751495361328125000000000e-02
9602 9602 -4.7628997039023207582530972103995736688375473022460937500000000000e-02
9620 9602 3.8149210663832745088486220197410148102790117263793945312500000000e-03
9663 9602 8.7054592193393700444437044438927841838449239730834960937500000000e-03
9698 9602 3.9197095252560864089841352608800661982968449592590332031250000000e-03
9889 9602 4.5976406780246954764113098690359038300812244415283203125000000000e-03
10433 9602 4.3223530082802854440648943068481457885354757308959960937500000000e-03
9600 9603 8.7227515046250717056786072589602554216980934143066406250000000000e-03
9603 9603 -4.6265680718730897713619754085812019184231758117675781250000000000e-02
9604 9603 2.0485333207082380424512990657603950239717960357666015625000000000e-02
9606 9603 4.2344746134363453471394223015522584319114685058593750000000000000e-03
9706 9603 4.4430081023575877102738118651359400246292352676391601562500000000e-03
9854 9603 3.9739454002445887687011705224904289934784173965454101562500000000e-03
10447 9603 4.4061678909849254920372274568762804847210645675659179687500000000e-03
9603 9604 2.0485333207082380424512990657603950239717960357666015625000000000e-02
9604 9604 -4.4752533177713618717241672584350453689694404602050781250000000000e-02
9605 9604 1.1894689800975150745232511440008238423615694046020507812500000000e-02
9607 9604 4.7397855940813343050832529002036608289927244186401367187500000000e-03
9648 9604 7.6327245755747445687955377024991321377456188201904296875000000000e-03
9604 9605 1.1894689800975150745232511440008238423615694046020507812500000000e-02
9605 9605 -4.4007881203651330603854319178935838863253593444824218750000000000e-02
9647 9605 6.8319889188423925732718267056498007150366902351379394531250000000e-03
9686 9605 8.7360113570709631986010990090107952710241079330444335937500000000e-03
9708 9605 7.0532715799516490506881893907120684161782264709472656250000000000e-03
9855 9605 4.8370377088112724572876999218351556919515132904052734375000000000e-03
10445 9605 4.6548818379999008440495167349126859335228800773620605468750000000e-03
9600 9606 6.9989192338796571077330632704160962020978331565856933593750000000e-03
9603 9606 4.2344746134363453471394223015522584319114685058593750000000000000e-03
9606 9606 -4.1054939098206982839300849263963755220174789428710937500000000000e-02
9607 9606 1.9160977855974491851354102323057304602116346359252929687500000000e-02
9611 9606 1.0660567394916491135159475334148737601935863494873046875000000000e-02
9604 9607 4.7397855940813343050832529002036608289927244186401367187500000000e-03
9606 9607 1.9160977855974491851354102323057304602116346359252929687500000000e-02
9607 9607 -4.1715535590463710680086961701817926950752735137939453125000000000e-02
9608 9607 9.9868607964974844687366939410821942146867513656616210937500000000e-03
9648 9607 7.8279113439103983201894365606676728930324316024780273437500000000e-03
9607 9608 9.9868607964974844687366939410821942146867513656616210937500000000e-03
9608 9608 -4.1715535590463717618980865609046304598450660705566406250000000000e-02
9609 9608 1.9160977855974488381907150369443115778267383575439453125000000000e-02
9640 9608 4.7397855940813438460623707726426800945773720741271972656250000000e-03
9643 9608 7.8279113439104035243598644910889561288058757781982421875000000000e-03
9608 9609 1.9160977855974488381907150369443115778267383575439453125000000000e-02
9609 9609 -4.1054939098206920389255714098908356390893459320068359375000000000e-02
9610 9609 1.0660567394916449501796051890778471715748310089111328125000000000e-02
9641 9609 4.2344746134363470818628982783593528438359498977661132812500000000e-03
9674 9609 6.9989192338796397604983035023451520828530192375183105468750000000e-03
9609 9610 1.0660567394916449501796051890778471715748310089111328125000000000e-02
9610 9610 -3.8582408145050380021690017429136787541210651397705078125000000000e-02
9611 9610 1.2288128219425526951869009906204155413433909416198730468750000000e-02
9626 9610 7.8296524596172829141282889509056985843926668167114257812500000000e-03
9675 9610 7.8040600710911197865349286928449146216735243797302246093750000000e-03
9601 9611 7.8040600710911293275140465652839338872581720352172851562500000000e-03
9606 9611 1.0660567394916491135159475334148737601935863494873046875000000000e-02
9610 9611 1.2288128219425526951869009906204155413433909416198730468750000000e-02
9611 9611 -3.8582408145050386960583921336365165188908576965332031250000000000e-02
9619 9611 7.8296524596172430154883414843425271101295948028564453125000000000e-03
9612 9612 -3.4003703841285287667872694328252691775560379028320312500000000000e-02
9613 9612 1.7127439928321195466986992528291011694818735122680664062500000000e-02
9614 9612 1.3484007724710422859715208687703125178813934326171875000000000000e-02
9615 9612 3.3922561882536684738087551238550076959654688835144042968750000000e-03
9612 9613 1.7127439928321195466986992528291011694818735122680664062500000000e-02
9613 9613 -3.3538243899710502848865445457704481668770313262939453125000000000e-02
9616 9613 3.3639364206688683253676508400076272664591670036315917968750000000e-03
9650 9613 1.3046867550720439923872540077809389913454651832580566406250000000e-02
9612 9614 1.3484007724710422859715208687703125178813934326171875000000000000e-02
9614 9614 -4.0956660174175686661701689672554493881762027740478515625000000000e-02
9615 9614 4.4278186580740718295001734361449052812531590461730957031250000000e-03
9715 9614 8.5287235460137968828808752164150064345449209213256835937500000000e-03
10017 9614 8.3114772783487618490472215171394054777920246124267578125000000000e-03
10440 9614 6.2046329670286358426434247803626931272447109222412109375000000000e-03
9612 9615 3.3922561882536684738087551238550076959654688835144042968750000000e-03
9614 9615 4.4278186580740718295001734361449052812531590461730957031250000000e-03
9615 9615 -2.8494343436979031186639943484806281048804521560668945312500000000e-02
9616 9615 7.3181011749930864607183167436232906766235828399658203125000000000e-03
9712 9615 3.9706535695976027944276154357794439420104026794433593750000000000e-03
9992 9615 3.9275589965075347401168848193719895789399743080139160156250000000e-03
10443 9615 5.4579548495530677554299359144351910799741744995117187500000000000e-03
9613 9616 3.3639364206688683253676508400076272664591670036315917968750000000e-03
9615 9616 7.3181011749930864607183167436232906766235828399658203125000000000e-03
9616 9616 -2.5436400520208370806818365394974534865468740463256835937500000000e-02
9617 9616 1.2770702372546183234192085365066304802894592285156250000000000000e-02
9650 9616 1.9836605520002314854977054636719913105480372905731201171875000000e-03
9616 9617 1.2770702372546183234192085365066304802894592285156250000000000000e-02
9617 9617 -4.4443098041535983311334234713285695761442184448242187500000000000e-02
9618 9617 1.6119195354664855868165318497631233185529708862304687500000000000e-02
9622 9617 7.9153194446980480042386218997307878453284502029418945312500000000e-03
9649 9617 7.6378808696269014089086368812786531634628772735595703125000000000e-03
9617 9618 1.6119195354664855868165318497631233185529708862304687500000000000e-02
9618 9618 -4.2460678717904286327833318637203774414956569671630859375000000000e-02
9621 9618 4.1047920745977311066110537751683295937255024909973144531250000000e-03
9664 9618 8.7179827301252441063006415333802578970789909362792968750000000000e-03
9714 9618 4.2575323697027133915127272700829053064808249473571777343750000000e-03
9990 9618 4.6409355209847775666776037439831270603463053703308105468750000000e-03
10442 9618 4.6202406678289634212042358285543741658329963684082031250000000000e-03
9601 9619 4.2639951186440238836694582857944624265655875205993652343750000000e-03
9611 9619 7.8296524596172430154883414843425271101295948028564453125000000000e-03
9619 9619 -4.1749312080867906349368467999738641083240509033203125000000000000e-02
9620 9619 2.0575504145602920014201941967257880605757236480712890625000000000e-02
9626 9619 9.0801603570037237728174162043615069705992937088012695312500000000e-03
9602 9620 3.8149210663832745088486220197410148102790117263793945312500000000e-03
9619 9620 2.0575504145602920014201941967257880605757236480712890625000000000e-02
9620 9620 -4.0173453170763172292989651168682030402123928070068359375000000000e-02
9621 9620 8.7723765645940261770352464054667507298290729522705078125000000000e-03
9663 9620 7.0106513941829541949890547414270258741453289985656738281250000000e-03
9618 9621 4.1047920745977311066110537751683295937255024909973144531250000000e-03
9620 9621 8.7723765645940261770352464054667507298290729522705078125000000000e-03
9621 9621 -3.2739897346196859817535340653193998150527477264404296875000000000e-02
9622 9621 1.2843793656054822496792588992775563383474946022033691406250000000e-02
9664 9621 7.0189350509502774350112375145727128256112337112426757812500000000e-03
9617 9622 7.9153194446980480042386218997307878453284502029418945312500000000e-03
9621 9622 1.2843793656054822496792588992775563383474946022033691406250000000e-02
9622 9622 -4.5278294405136726430427529521693941205739974975585937500000000000e-02
9623 9622 1.9978373737873641319273687599888944532722234725952148437500000000e-02
9649 9622 4.5408075665102128753991550524915510322898626327514648437500000000e-03
9622 9623 1.9978373737873641319273687599888944532722234725952148437500000000e-02
9623 9623 -4.5278294405136740308215337336150696501135826110839843750000000000e-02
9624 9623 1.2843793656054850252368204621689073974266648292541503906250000000e-02
9651 9623 4.5408075665102085385904651104738150024786591529846191406250000000e-03
9657 9623 7.9153194446980393306212420156953157857060432434082031250000000000e-03
9623 9624 1.2843793656054850252368204621689073974266648292541503906250000000e-02
9624 9624 -3.2739897346196908389792668003792641684412956237792968750000000000e-02
9625 9624 8.7723765645940313812056743358880339656025171279907226562500000000e-03
9658 9624 4.1047920745977380455049576823967072414234280586242675781250000000e-03
9687 9624 7.0189350509502869759903553870117320911958813667297363281250000000e-03
9624 9625 8.7723765645940313812056743358880339656025171279907226562500000000e-03
9625 9625 -4.0173453170763130659626227725311764515936374664306640625000000000e-02
9626 9625 2.0575504145602885319732422431115992367267608642578125000000000000e-02
9676 9625 3.8149210663832675699547181125126371625810861587524414062500000000e-03
9688 9625 7.0106513941829472560951508341986482264474034309387207031250000000e-03
9610 9626 7.8296524596172829141282889509056985843926668167114257812500000000e-03
9619 9626 9.0801603570037237728174162043615069705992937088012695312500000000e-03
9625 9626 2.0575504145602885319732422431115992367267608642578125000000000000e-02
9626 9626 -4.1749312080867913288262371906967018730938434600830078125000000000e-02
9675 9626 4.2639951186440256183929342626015568384900689125061035156250000000e-03
9627 9627 -4.6959577169793390027940915842918911948800086975097656250000000000e-02
9628 9627 2.5397608365759688497931279016484040766954421997070312500000000000e-02
9630 9627 1.8955697822862022094980716246936935931444168090820312500000000000e-02
9632 9627 2.6062709811716824707950035389103504712693393230438232421875000000e-03
9627 9628 2.5397608365759688497931279016484040766954421997070312500000000000e-02
9628 9628 -5.1919061059826382420467894007742870599031448364257812500000000000e-02
9629 9628 1.3855111090839278623065844442407978931441903114318847656250000000e-02
9639 9628 4.3400231540048697653766396342689404264092445373535156250000000000e-03
9689 9628 8.3263184492225490035410828681960992980748414993286132812500000000e-03
9628 9629 1.3855111090839278623065844442407978931441903114318847656250000000e-02
9629 9629 -3.0731255821645021841792555505890049971640110015869140625000000000e-02
9691 9629 3.3922863228374512158114217896809350349940359592437744140625000000e-03
9692 9629 1.3483858407968292436596158268002909608185291290283203125000000000e-02
9627 9630 1.8955697822862022094980716246936935931444168090820312500000000000e-02
9630 9630 -4.3644938176524726569649459406718960963189601898193359375000000000e-02
9631 9630 2.1728308315217485791048801502256537787616252899169921875000000000e-02
9632 9630 2.9609320384452178162582036691219400381669402122497558593750000000e-03
9630 9631 2.1728308315217485791048801502256537787616252899169921875000000000e-02
9631 9631 -4.3644938176524671058498228148891939781606197357177734375000000000e-02
9633 9631 2.9609320384452204183434176343325816560536623001098632812500000000e-03
9683 9631 1.8955697822861966583829484989109914749860763549804687500000000000e-02
9627 9632 2.6062709811716824707950035389103504712693393230438232421875000000e-03
9630 9632 2.9609320384452178162582036691219400381669402122497558593750000000e-03
9632 9632 -2.5430470477603335510696780374928493984043598175048828125000000000e-02
9633 9632 7.3819498113520919113650364806744619272649288177490234375000000000e-03
9639 9632 1.2481317646634342011235929703616420738399028778076171875000000000e-02
9631 9633 2.9609320384452204183434176343325816560536623001098632812500000000e-03
9632 9633 7.3819498113520919113650364806744619272649288177490234375000000000e-03
9633 9633 -2.5430470477603300816227260838786605745553970336914062500000000000e-02
9634 9633 1.2481317646634303847319458213860343676060438156127929687500000000e-02
9683 9633 2.6062709811716850728802175041209920891560614109039306640625000000e-03
9633 9634 1.2481317646634303847319458213860343676060438156127929687500000000e-02
9634 9634 -3.5324124025999291409672053987378603778779506683349609375000000000e-02
9635 9634 1.1184803415237094814660423480745521374046802520751953125000000000e-02
9678 9634 7.3179798101230255844007466237144399201497435569763183593750000000e-03
9682 9634 4.3400231540048697653766396342689404264092445373535156250000000000e-03
9634 9635 1.1184803415237094814660423480745521374046802520751953125000000000e-02
9635 9635 -3.7102202833551013727575451639495440758764743804931640625000000000e-02
9636 9635 1.4114133051027585863401725418952992185950279235839843750000000000e-02
9672 9635 5.9016331836431656573949133814949163934215903282165527343750000000e-03
9677 9635 5.9016331836431673921183893583020108053460717201232910156250000000e-03
9635 9636 1.4114133051027585863401725418952992185950279235839843750000000000e-02
9636 9636 -4.1644512145960987936632591299712657928466796875000000000000000000e-02
9637 9636 1.3124860635558541904766016727990063372999429702758789062500000000e-02
9665 9636 7.5427258594874613609193580998635297873988747596740722656250000000e-03
9671 9636 6.8627925998874005422689670297131669940426945686340332031250000000e-03
9636 9637 1.3124860635558541904766016727990063372999429702758789062500000000e-02
9637 9637 -4.1644512145960994875526495206941035576164722442626953125000000000e-02
9638 9637 1.4114133051027589332848677372567181009799242019653320312500000000e-02
9670 9637 7.5427258594874578914724061462493409635499119758605957031250000000e-03
9693 9637 6.8627925998874048790776569717309030238538980484008789062500000000e-03
9637 9638 1.4114133051027589332848677372567181009799242019653320312500000000e-02
9638 9638 -3.7102202833551006788681547732267063111066818237304687500000000000e-02
9639 9638 1.1184803415237091345213471527131332550197839736938476562500000000e-02
9690 9638 5.9016331836431604532244854510736331576481461524963378906250000000e-03
9695 9638 5.9016331836431621879479614278807275695726275444030761718750000000e-03
9628 9639 4.3400231540048697653766396342689404264092445373535156250000000000e-03
9632 9639 1.2481317646634342011235929703616420738399028778076171875000000000e-02
9638 9639 1.1184803415237091345213471527131332550197839736938476562500000000e-02
9639 9639 -3.5324124025999326104141573523520492017269134521484375000000000000e-02
9689 9639 7.3179798101230229823155326585037983022630214691162109375000000000e-03
9608 9640 4.7397855940813438460623707726426800945773720741271972656250000000e-03
9640 9640 -4.4752533177713556267196537419295054860413074493408203125000000000e-02
9641 9640 2.0485333207082342260596519167847873177379369735717773437500000000e-02
9642 9640 1.1894689800975121254933419834287633420899510383605957031250000000e-02
9643 9640 7.6327245755747471708807516677097737556323409080505371093750000000e-03
9609 9641 4.2344746134363470818628982783593528438359498977661132812500000000e-03
9640 9641 2.0485333207082342260596519167847873177379369735717773437500000000e-02
9641 9641 -3.3442559325143797477331020218116464093327522277832031250000000000e-02
9674 9641 8.7227515046251081348716027719092380721122026443481445312500000000e-03
9640 9642 1.1894689800975121254933419834287633420899510383605957031250000000e-02
9642 9642 -2.7462690076888469220550703653316304553300142288208007812500000000e-02
9644 9642 6.8319889188423856343779227984214230673387646675109863281250000000e-03
9659 9642 8.7360113570709614638776230322037008590996265411376953125000000000e-03
9608 9643 7.8279113439104035243598644910889561288058757781982421875000000000e-03
9640 9643 7.6327245755747471708807516677097737556323409080505371093750000000e-03
9643 9643 -3.9804981165238603746381329528958303853869438171386718750000000000e-02
9644 9643 1.1608863868696465970753450847041676752269268035888671875000000000e-02
9648 9643 1.2735481377056991417195952465135633246973156929016113281250000000e-02
9642 9644 6.8319889188423856343779227984214230673387646675109863281250000000e-03
9643 9644 1.1608863868696465970753450847041676752269268035888671875000000000e-02
9644 9644 -4.0736787235266393170096677067704149521887302398681640625000000000e-02
9645 9644 1.7601403515876048316846080865616386290639638900756835937500000000e-02
9659 9644 4.6945309318514923807574845682211162056773900985717773437500000000e-03
9644 9645 1.7601403515876048316846080865616386290639638900756835937500000000e-02
9645 9645 -4.1702354191546914252697320080187637358903884887695312500000000000e-02
9646 9645 1.1041380518133936741720368956976017216220498085021972656250000000e-02
9660 9645 5.3212405489082830606362151115718006622046232223510742187500000000e-03
9668 9645 7.7383296086286452661329171576198859838768839836120605468750000000e-03
9645 9646 1.1041380518133936741720368956976017216220498085021972656250000000e-02
9646 9646 -4.1702354191546879558227800544045749120414257049560546875000000000e-02
9647 9646 1.7601403515876024030717417190317064523696899414062500000000000000e-02
9667 9646 7.7383296086286357251537992851808667182922363281250000000000000000e-03
9684 9646 5.3212405489082821932744771231682534562423825263977050781250000000e-03
9605 9647 6.8319889188423925732718267056498007150366902351379394531250000000e-03
9646 9647 1.7601403515876024030717417190317064523696899414062500000000000000e-02
9647 9647 -4.0736787235266372353414965346019016578793525695800781250000000000e-02
9648 9647 1.1608863868696464236029974870234582340344786643981933593750000000e-02
9686 9647 4.6945309318514854418635806609927385579794645309448242187500000000e-03
9604 9648 7.6327245755747445687955377024991321377456188201904296875000000000e-03
9607 9648 7.8279113439103983201894365606676728930324316024780273437500000000e-03
9643 9648 1.2735481377056991417195952465135633246973156929016113281250000000e-02
9647 9648 1.1608863868696464236029974870234582340344786643981933593750000000e-02
9648 9648 -3.9804981165238596807487425621729926206171512603759765625000000000e-02
9617 9649 7.6378808696269014089086368812786531634628772735595703125000000000e-03
9622 9649 4.5408075665102128753991550524915510322898626327514648437500000000e-03
9649 9649 -4.8020132911501929584563441721911658532917499542236328125000000000e-02
9650 9649 1.6345761939931809786363814396281668450683355331420898437500000000e-02
9651 9649 1.9495682535433010718062263322281069122254848480224609375000000000e-02
9613 9650 1.3046867550720439923872540077809389913454651832580566406250000000e-02
9616 9650 1.9836605520002314854977054636719913105480372905731201171875000000e-03
9649 9650 1.6345761939931809786363814396281668450683355331420898437500000000e-02
9650 9650 -3.1376290042652479894691452955157728865742683410644531250000000000e-02
9623 9651 4.5408075665102085385904651104738150024786591529846191406250000000e-03
9649 9651 1.9495682535433010718062263322281069122254848480224609375000000000e-02
9651 9651 -4.8020132911501922645669537814683280885219573974609375000000000000e-02
9652 9651 1.6345761939931809786363814396281668450683355331420898437500000000e-02
9657 9651 7.6378808696269014089086368812786531634628772735595703125000000000e-03
9651 9652 1.6345761939931809786363814396281668450683355331420898437500000000e-02
9652 9652 -3.1376290042652479894691452955157728865742683410644531250000000000e-02
9653 9652 1.3046867550720439923872540077809389913454651832580566406250000000e-02
9655 9652 1.9836605520002314854977054636719913105480372905731201171875000000e-03
9652 9653 1.3046867550720439923872540077809389913454651832580566406250000000e-02
9653 9653 -3.3538243899710544482228868901074747554957866668701171875000000000e-02
9654 9653 1.7127439928321237100350415971661277581006288528442382812500000000e-02
9655 9653 3.3639364206688683253676508400076272664591670036315917968750000000e-03
9653 9654 1.7127439928321237100350415971661277581006288528442382812500000000e-02
9654 9654 -3.4003703841285308484554406049937824718654155731201171875000000000e-02
9656 9654 3.3922561882536771474261350078904797555878758430480957031250000000e-03
9662 9654 1.3484007724710393369416117081982520176097750663757324218750000000e-02
9652 9655 1.9836605520002314854977054636719913105480372905731201171875000000e-03
9653 9655 3.3639364206688683253676508400076272664591670036315917968750000000e-03
9655 9655 -2.5436400520208356929030557580517779570072889328002929687500000000e-02
9656 9655 7.3181011749930734502922469175700825871899724006652832031250000000e-03
9657 9655 1.2770702372546183234192085365066304802894592285156250000000000000e-02
9654 9656 3.3922561882536771474261350078904797555878758430480957031250000000e-03
9655 9656 7.3181011749930734502922469175700825871899724006652832031250000000e-03
9656 9656 -1.5138176021320833702921149210851581301540136337280273437500000000e-02
9662 9656 4.4278186580740822378410292969874717528000473976135253906250000000e-03
9623 9657 7.9153194446980393306212420156953157857060432434082031250000000000e-03
9651 9657 7.6378808696269014089086368812786531634628772735595703125000000000e-03
9655 9657 1.2770702372546183234192085365066304802894592285156250000000000000e-02
9657 9657 -4.4443098041535990250228138620514073409140110015869140625000000000e-02
9658 9657 1.6119195354664862807059222404859610833227634429931640625000000000e-02
9624 9658 4.1047920745977380455049576823967072414234280586242675781250000000e-03
9657 9658 1.6119195354664862807059222404859610833227634429931640625000000000e-02
9658 9658 -2.8941970159387823274821371910547895822674036026000976562500000000e-02
9687 9658 8.7179827301252232896189298116951249539852142333984375000000000000e-03
9642 9659 8.7360113570709614638776230322037008590996265411376953125000000000e-03
9644 9659 4.6945309318514923807574845682211162056773900985717773437500000000e-03
9659 9659 -3.2140432758323449202730870410960051231086254119873046875000000000e-02
9660 9659 1.8709890469400993623372286833728139754384756088256835937500000000e-02
9645 9660 5.3212405489082830606362151115718006622046232223510742187500000000e-03
9659 9660 1.8709890469400993623372286833728139754384756088256835937500000000e-02
9660 9660 -4.4490920696559500824296407017754972912371158599853515625000000000e-02
9661 9660 1.3118683028428688996935846944325021468102931976318359375000000000e-02
9668 9660 7.3411066498215360107137961165335582336410880088806152343750000000e-03
9660 9661 1.3118683028428688996935846944325021468102931976318359375000000000e-02
9661 9661 -2.8350442322056280952669027328738593496382236480712890625000000000e-02
9669 9661 6.4861245841317805016501552017871290445327758789062500000000000000e-03
9694 9661 8.7456347094958097193595492058193485718220472335815429687500000000e-03
9654 9662 1.3484007724710393369416117081982520176097750663757324218750000000e-02
9656 9662 4.4278186580740822378410292969874717528000473976135253906250000000e-03
9662 9662 -1.7911826382784476474618884367373539134860038757324218750000000000e-02
9602 9663 8.7054592193393700444437044438927841838449239730834960937500000000e-03
9620 9663 7.0106513941829541949890547414270258741453289985656738281250000000e-03
9663 9663 -4.4464251724133783960635213361456408165395259857177734375000000000e-02
9664 9663 1.3042044181747322953435208603423234308138489723205566406250000000e-02
9816 9663 6.4912775343663941737815115118337416788563132286071777343750000000e-03
9885 9663 4.8566426228896742919860507470275479136034846305847167968750000000e-03
10425 9663 4.3581767716080639651909933718343381769955158233642578125000000000e-03
9618 9664 8.7179827301252441063006415333802578970789909362792968750000000000e-03
9621 9664 7.0189350509502774350112375145727128256112337112426757812500000000e-03
9663 9664 1.3042044181747322953435208603423234308138489723205566406250000000e-02
9664 9664 -4.4265211413154807729153361606222460977733135223388671875000000000e-02
9818 9664 5.3507547003904488633341252068476023850962519645690917968750000000e-03
9888 9664 5.1709752996736135788324872919474728405475616455078125000000000000e-03
10428 9664 4.9645194502678999248779234676476335152983665466308593750000000000e-03
9636 9665 7.5427258594874613609193580998635297873988747596740722656250000000e-03
9665 9665 -4.1785339664668519343848629432613961398601531982421875000000000000e-02
9666 9665 1.5827542670953889669682723706500837579369544982910156250000000000e-02
9670 9665 1.2320998323418800093898006764447927707806229591369628906250000000e-02
9671 9665 6.0940728108083690867102788502052135299891233444213867187500000000e-03
9665 9666 1.5827542670953889669682723706500837579369544982910156250000000000e-02
9666 9666 -4.0265697186986471045599955687066540122032165527343750000000000000e-02
9667 9666 1.2715159690241992218595612484932644292712211608886718750000000000e-02
9673 9666 5.2368702416588129924801542358636652352288365364074707031250000000e-03
9685 9666 6.4861245841317700933092993409445625729858875274658203125000000000e-03
9646 9667 7.7383296086286357251537992851808667182922363281250000000000000000e-03
9666 9667 1.2715159690241992218595612484932644292712211608886718750000000000e-02
9667 9667 -4.0850914056967835286116041970672085881233215332031250000000000000e-02
9668 9667 1.3056318108275680872631951956464035902172327041625976562500000000e-02
9684 9667 7.3411066498215264697346782440945389680564403533935546875000000000e-03
9645 9668 7.7383296086286452661329171576198859838768839836120605468750000000e-03
9660 9668 7.3411066498215360107137961165335582336410880088806152343750000000e-03
9667 9668 1.3056318108275680872631951956464035902172327041625976562500000000e-02
9668 9668 -4.0850914056967828347222138063443708233535289764404296875000000000e-02
9669 9668 1.2715159690241969667190424786440416937693953514099121093750000000e-02
9661 9669 6.4861245841317805016501552017871290445327758789062500000000000000e-03
9668 9669 1.2715159690241969667190424786440416937693953514099121093750000000e-02
9669 9669 -4.0265697186986450228918243965381407178938388824462890625000000000e-02
9670 9669 1.5827542670953893139129675660115026403218507766723632812500000000e-02
9694 9669 5.2368702416588086556714642938459292054176330566406250000000000000e-03
9637 9670 7.5427258594874578914724061462493409635499119758605957031250000000e-03
9665 9670 1.2320998323418800093898006764447927707806229591369628906250000000e-02
9669 9670 1.5827542670953893139129675660115026403218507766723632812500000000e-02
9670 9670 -4.1785339664668526282742533339842339046299457550048828125000000000e-02
9693 9670 6.0940728108083725561572308038194023538380861282348632812500000000e-03
9636 9671 6.8627925998874005422689670297131669940426945686340332031250000000e-03
9665 9671 6.0940728108083690867102788502052135299891233444213867187500000000e-03
9671 9671 -4.4523860042469713682589116388044203631579875946044921875000000000e-02
9672 9671 1.4780507572552323281023234358144691213965415954589843750000000000e-02
9673 9671 1.6786487059221619905224898161577584687620401382446289062500000000e-02
9635 9672 5.9016331836431656573949133814949163934215903282165527343750000000e-03
9671 9672 1.4780507572552323281023234358144691213965415954589843750000000000e-02
9672 9672 -4.5164319579195748299849100249048206023871898651123046875000000000e-02
9677 9672 8.7498684073361709251370754714116628747433423995971679687500000000e-03
9775 9672 5.0322567650417917781147103539751697098836302757263183593750000000e-03
9994 9672 5.7982534326467055282861018383755435934290289878845214843750000000e-03
10464 9672 4.9018002179755893951695888688391278265044093132019042968750000000e-03
9666 9673 5.2368702416588129924801542358636652352288365364074707031250000000e-03
9671 9673 1.6786487059221619905224898161577584687620401382446289062500000000e-02
9673 9673 -4.6012670131687784247365158307729871012270450592041015625000000000e-02
9685 9673 8.7456347094958114540830251826264429837465286254882812500000000000e-03
9772 9673 4.9827861822333199132151193566642177756875753402709960937500000000e-03
9993 9673 5.8743545778186584058189190216126007726415991783142089843750000000e-03
10462 9673 4.3865373612595572397343524073676235275343060493469238281250000000e-03
9609 9674 6.9989192338796397604983035023451520828530192375183105468750000000e-03
9641 9674 8.7227515046251081348716027719092380721122026443481445312500000000e-03
9674 9674 -2.6613071195680983865861080062131804879754781723022460937500000000e-02
9675 9674 1.0891400457176233368405959822666773106902837753295898437500000000e-02
9610 9675 7.8040600710911197865349286928449146216735243797302246093750000000e-03
9626 9675 4.2639951186440256183929342626015568384900689125061035156250000000e-03
9674 9675 1.0891400457176233368405959822666773106902837753295898437500000000e-02
9675 9675 -4.5228369188650842380727823410779819823801517486572265625000000000e-02
9676 9675 2.2268913541739467076840952586280764080584049224853515625000000000e-02
9625 9676 3.8149210663832675699547181125126371625810861587524414062500000000e-03
9675 9676 2.2268913541739467076840952586280764080584049224853515625000000000e-02
9676 9676 -3.4789293827462104691239375142686185427010059356689453125000000000e-02
9688 9676 8.7054592193393683097202284670856897719204425811767578125000000000e-03
9635 9677 5.9016331836431673921183893583020108053460717201232910156250000000e-03
9672 9677 8.7498684073361709251370754714116628747433423995971679687500000000e-03
9677 9677 -4.5843237762378807875762731782742775976657867431640625000000000000e-02
9678 9677 1.4915020657573212214952462772998842410743236541748046875000000000e-02
9826 9677 6.2701732404170174364765877328409260371699929237365722656250000000e-03
10046 9677 3.8371606189844718014236857328569385572336614131927490234375000000e-03
10470 9677 6.1693816544247711414206136737448105122894048690795898437500000000e-03
9634 9678 7.3179798101230255844007466237144399201497435569763183593750000000e-03
9677 9678 1.4915020657573212214952462772998842410743236541748046875000000000e-02
9678 9678 -4.3059084354098914326769431681896094232797622680664062500000000000e-02
9679 9678 1.2499765437180128391236877405390259809792041778564453125000000000e-02
9682 9678 8.3263184492225472688176068913890048861503601074218750000000000000e-03
9678 9679 1.2499765437180128391236877405390259809792041778564453125000000000e-02
9679 9679 -3.3675966620598560274935096003900980576872825622558593750000000000e-02
9680 9679 4.4278244097764674416795038780492177465930581092834472656250000000e-03
9681 9679 3.3922863228374494810879458128738406230695545673370361328125000000e-03
9828 9679 3.9706235552909177957681130521905288333073258399963378906250000000e-03
10047 9679 3.9275297383644762472254541307847830466926097869873046875000000000e-03
10469 9679 5.4579371571491196168945947420070297084748744964599609375000000000e-03
9679 9680 4.4278244097764674416795038780492177465930581092834472656250000000e-03
9680 9680 -4.0956466196475825591871711139901890419423580169677734375000000000e-02
9681 9680 1.3483858407968316722724821943302231375128030776977539062500000000e-02
9832 9680 8.5287145518421845352685650709645415190607309341430664062500000000e-03
10087 9680 8.3114691913764408848219744641028228215873241424560546875000000000e-03
10459 9680 6.2045996355124108032064178530617937212809920310974121093750000000e-03
9679 9681 3.3922863228374494810879458128738406230695545673370361328125000000e-03
9680 9681 1.3483858407968316722724821943302231375128030776977539062500000000e-02
9681 9681 -3.0731255821645032250133411366732616443186998367309570312500000000e-02
9682 9681 1.3855111090839264745278036627951223636046051979064941406250000000e-02
9634 9682 4.3400231540048697653766396342689404264092445373535156250000000000e-03
9678 9682 8.3263184492225472688176068913890048861503601074218750000000000000e-03
9681 9682 1.3855111090839264745278036627951223636046051979064941406250000000e-02
9682 9682 -5.1919061059826403237149605729428003542125225067138671875000000000e-02
9683 9682 2.5397608365759719722953846599011740181595087051391601562500000000e-02
9631 9683 1.8955697822861966583829484989109914749860763549804687500000000000e-02
9633 9683 2.6062709811716850728802175041209920891560614109039306640625000000e-03
9682 9683 2.5397608365759719722953846599011740181595087051391601562500000000e-02
9683 9683 -4.6959577169793369211259204121233779005706310272216796875000000000e-02
9646 9684 5.3212405489082821932744771231682534562423825263977050781250000000e-03
9667 9684 7.3411066498215264697346782440945389680564403533935546875000000000e-03
9684 9684 -4.4490920696559549396553734368353616446256637573242187500000000000e-02
9685 9684 1.3118683028428711548341034642817248823121190071105957031250000000e-02
9686 9684 1.8709890469401031787288758323484216816723346710205078125000000000e-02
9666 9685 6.4861245841317700933092993409445625729858875274658203125000000000e-03
9673 9685 8.7456347094958114540830251826264429837465286254882812500000000000e-03
9684 9685 1.3118683028428711548341034642817248823121190071105957031250000000e-02
9685 9685 -4.5229511149364048927523640486469957977533340454101562500000000000e-02
9782 9685 5.9102470121854197571131805943878134712576866149902343750000000000e-03
9995 9685 4.8348084163746685854023965589476574677973985671997070312500000000e-03
10472 9685 6.1340133987476692239981801435533270705491304397583007812500000000e-03
9605 9686 8.7360113570709631986010990090107952710241079330444335937500000000e-03
9647 9686 4.6945309318514854418635806609927385579794645309448242187500000000e-03
9684 9686 1.8709890469401031787288758323484216816723346710205078125000000000e-02
9686 9686 -4.6735963350911659264230735288947471417486667633056640625000000000e-02
9784 9686 4.7650819589735993186963014522916637361049652099609375000000000000e-03
9997 9686 4.5014117029615668616471246821220120182260870933532714843750000000e-03
10471 9686 5.3290369306530091866869192074318561935797333717346191406250000000e-03
9624 9687 7.0189350509502869759903553870117320911958813667297363281250000000e-03
9658 9687 8.7179827301252232896189298116951249539852142333984375000000000000e-03
9687 9687 -2.8778961962822872250322703280289715621620416641235351562500000000e-02
9688 9687 1.3042044181747362852075156069986405782401561737060546875000000000e-02
9625 9688 7.0106513941829472560951508341986482264474034309387207031250000000e-03
9676 9688 8.7054592193393683097202284670856897719204425811767578125000000000e-03
9687 9688 1.3042044181747362852075156069986405782401561737060546875000000000e-02
9688 9688 -2.8758154795269677550528797382867196574807167053222656250000000000e-02
9628 9689 8.3263184492225490035410828681960992980748414993286132812500000000e-03
9639 9689 7.3179798101230229823155326585037983022630214691162109375000000000e-03
9689 9689 -4.3059084354098886571193816052982583642005920410156250000000000000e-02
9690 9689 1.4915020657573213949675938749805936822667717933654785156250000000e-02
9691 9689 1.2499765437180095431490833846055465983226895332336425781250000000e-02
9638 9690 5.9016331836431604532244854510736331576481461524963378906250000000e-03
9689 9690 1.4915020657573213949675938749805936822667717933654785156250000000e-02
9690 9690 -2.9566522248552551399569665591116063296794891357421875000000000000e-02
9695 9690 8.7498684073361761293075034018329461105167865753173828125000000000e-03
9629 9691 3.3922863228374512158114217896809350349940359592437744140625000000e-03
9689 9691 1.2499765437180095431490833846055465983226895332336425781250000000e-02
9691 9691 -2.0319876169794026665726960345637053251266479492187500000000000000e-02
9692 9691 4.4278244097764769826586217504882370121777057647705078125000000000e-03
9629 9692 1.3483858407968292436596158268002909608185291290283203125000000000e-02
9691 9692 4.4278244097764769826586217504882370121777057647705078125000000000e-03
9692 9692 -1.7911682817744769419254780018491146620362997055053710937500000000e-02
9637 9693 6.8627925998874048790776569717309030238538980484008789062500000000e-03
9670 9693 6.0940728108083725561572308038194023538380861282348632812500000000e-03
9693 9693 -4.4523860042469637354756173408532049506902694702148437500000000000e-02
9694 9693 1.6786487059221578271861474718207318801432847976684570312500000000e-02
9695 9693 1.4780507572552285117106762868388614151626825332641601562500000000e-02
9661 9694 8.7456347094958097193595492058193485718220472335815429687500000000e-03
9669 9694 5.2368702416588086556714642938459292054176330566406250000000000000e-03
9693 9694 1.6786487059221578271861474718207318801432847976684570312500000000e-02
9694 9694 -3.0768992010376194912169012241065502166748046875000000000000000000e-02
9638 9695 5.9016331836431621879479614278807275695726275444030761718750000000e-03
9690 9695 8.7498684073361761293075034018329461105167865753173828125000000000e-03
9693 9695 1.4780507572552285117106762868388614151626825332641601562500000000e-02
9695 9695 -2.9432009163531624301723965686505835037678480148315429687500000000e-02
9600 9696 4.8634562599109594505097931005366262979805469512939453125000000000e-03
9696 9696 -4.7217167339933002745411272371711675077676773071289062500000000000e-02
9697 9696 1.6343062456497636780738957895664498209953308105468750000000000000e-02
9699 9696 5.5962764687321345583037590643016301328316330909729003906250000000e-03
9706 9696 1.0546545904794677600557761820709856692701578140258789062500000000e-02
9890 9696 4.7986839109037436948423938076757622184231877326965332031250000000e-03
10434 9696 5.0691423390938515278203446712268487317487597465515136718750000000e-03
9696 9697 1.6343062456497636780738957895664498209953308105468750000000000000e-02
9697 9697 -4.2475273245709800618019613693832070566713809967041015625000000000e-02
9698 9697 1.4558498547355129548730445776527631096541881561279296875000000000e-02
9700 9697 5.2512197436058016125626224379630002658814191818237304687500000000e-03
