%%MatrixMarket matrix coordinate  real general
9289 9289 2544
8762 8762 -3.9425856797725429558898468940242310054600238800048828125000000000e-02
8763 8762 7.8261533760768300233001681931455095764249563217163085937500000000e-03
8766 8762 7.8261533760768612483227357756732089910656213760375976562500000000e-03
8762 8763 7.8261533760768300233001681931455095764249563217163085937500000000e-03
8763 8763 -3.3225789147532713840860196796711534261703491210937500000000000000e-02
8764 8763 2.1417410472578932156828557253902545198798179626464843750000000000e-02
8766 8763 3.9822252988769516607314713496634794864803552627563476562500000000e-03
8763 8764 2.1417410472578932156828557253902545198798179626464843750000000000e-02
8764 8764 -4.3650916012391058340647020941105438396334648132324218750000000000e-02
8765 8764 1.0263543195369147914552954148348362650722265243530273437500000000e-02
8767 8764 4.1446905047168910302124444910987222101539373397827148437500000000e-03
8907 8764 7.8252718397260803001591611405274306889623403549194335937500000000e-03
8764 8765 1.0263543195369147914552954148348362650722265243530273437500000000e-02
8765 8765 -2.5921022141221192885973678698974254075437784194946289062500000000e-02
8897 8765 7.9843319185114690339499787796739838086068630218505859375000000000e-03
8912 8765 7.6731470273405768048324837593554548220708966255187988281250000000e-03
8762 8766 7.8261533760768612483227357756732089910656213760375976562500000000e-03
8763 8766 3.9822252988769516607314713496634794864803552627563476562500000000e-03
8766 8766 -5.0252892960799364074908623933879425749182701110839843750000000000e-02
8767 8766 2.1417410472578932156828557253902545198798179626464843750000000000e-02
8764 8767 4.1446905047168910302124444910987222101539373397827148437500000000e-03
8766 8767 2.1417410472578932156828557253902545198798179626464843750000000000e-02
8767 8767 -4.3650916012391058340647020941105438396334648132324218750000000000e-02
8768 8767 1.0263543195369147914552954148348362650722265243530273437500000000e-02
8907 8767 7.8252718397260803001591611405274306889623403549194335937500000000e-03
8767 8768 1.0263543195369147914552954148348362650722265243530273437500000000e-02
8768 8768 -4.9523683704954253592678270479154889471828937530517578125000000000e-02
8829 8768 7.9843319185114690339499787796739838086068630218505859375000000000e-03
8908 8768 7.6731470273405768048324837593554548220708966255187988281250000000e-03
8769 8769 -3.3500974313600849485705879260422079823911190032958984375000000000e-02
8770 8769 1.3174410697019047628009147388183919247239828109741210937500000000e-02
8775 8769 8.4109707903654209321109291863649559672921895980834960937500000000e-03
8776 8769 8.1414386347594420306750251370431215036660432815551757812500000000e-03
8781 8769 3.7741541914569388949107775488300831057131290435791015625000000000e-03
8769 8770 1.3174410697019047628009147388183919247239828109741210937500000000e-02
8770 8770 -3.7936113079169782313915249005731311626732349395751953125000000000e-02
8771 8770 1.5203344754586090373238427275737194577232003211975097656250000000e-02
8785 8770 5.7020403158572659230163282018111203797161579132080078125000000000e-03
9000 8770 3.8563173117073757875661321747884358046576380729675292968750000000e-03
8770 8771 1.5203344754586090373238427275737194577232003211975097656250000000e-02
8771 8771 -3.9825321513634680259396958490469842217862606048583984375000000000e-02
8772 8771 1.5321079207309008102244618498843919951468706130981445312500000000e-02
8999 8771 4.2206007176182544493592274648108286783099174499511718750000000000e-03
9228 8771 5.0802968341213282019164232394814462168142199516296386718750000000e-03
8771 8772 1.5321079207309008102244618498843919951468706130981445312500000000e-02
8772 8772 -3.2380266362621729081539001526834908872842788696289062500000000000e-02
8773 8772 7.4843208878302208350574709072589030256494879722595214843750000000e-03
9095 8772 7.0356394722243991227128567800264136167243123054504394531250000000e-03
9227 8772 2.5392267952580958173536274102843890432268381118774414062500000000e-03
8772 8773 7.4843208878302208350574709072589030256494879722595214843750000000e-03
8773 8773 -3.4087759837024625420021095578704262152314186096191406250000000000e-02
8774 8773 1.0955215247888335644566026871871144976466894149780273437500000000e-02
9086 8773 7.3353474964946725062064913913673080969601869583129882812500000000e-03
9096 8773 8.3128762048113955668293684198033588472753763198852539062500000000e-03
8773 8774 1.0955215247888335644566026871871144976466894149780273437500000000e-02
8774 8774 -4.7028432170285586200186855876381741836667060852050781250000000000e-02
8775 8774 2.0934754746920192225445589429000392556190490722656250000000000000e-02
9016 8774 5.0731180420753524754062802060161629924550652503967285156250000000e-03
9080 8774 1.0065344133401706722130697357897588517516851425170898437500000000e-02
8769 8775 8.4109707903654209321109291863649559672921895980834960937500000000e-03
8774 8775 2.0934754746920192225445589429000392556190490722656250000000000000e-02
8775 8775 -4.3992902792539811951399997269618324935436248779296875000000000000e-02
8777 8775 9.9984118659661429945328947610505565535277128219604492187500000000e-03
9015 8775 4.6487653892880531972253699279917782405391335487365722656250000000e-03
8769 8776 8.1414386347594420306750251370431215036660432815551757812500000000e-03
8776 8776 -3.9360593504991776836465788846908253617584705352783203125000000000e-02
8777 8776 1.0526076500770021465713810471243050415068864822387695312500000000e-02
8780 8776 1.3206323191707586284238118423672858625650405883789062500000000000e-02
8781 8776 7.4867551777547305252857867685634118970483541488647460937500000000e-03
8775 8777 9.9984118659661429945328947610505565535277128219604492187500000000e-03
8776 8777 1.0526076500770021465713810471243050415068864822387695312500000000e-02
8777 8777 -4.4465825577052225936469653788662981241941452026367187500000000000e-02
8778 8777 1.8049167753810220482524329099760507233440876007080078125000000000e-02
9015 8777 5.8921694565058409936986194566088670399039983749389648437500000000e-03
8777 8778 1.8049167753810220482524329099760507233440876007080078125000000000e-02
8778 8778 -4.0460338948082291699037682519701775163412094116210937500000000000e-02
8779 8778 1.0708127969109559537996823053163097938522696495056152343750000000e-02
8986 8778 7.3763115656357665025910641531936562387272715568542480468750000000e-03
9014 8778 4.3267316595267469106489421903916081646457314491271972656250000000e-03
8778 8779 1.0708127969109559537996823053163097938522696495056152343750000000e-02
8779 8779 -3.9171361703435589318722520602022996172308921813964843750000000000e-02
8780 8779 1.2849869491491267697869105290919833350926637649536132812500000000e-02
8985 8779 7.8067375534538342024548640551984135527163743972778320312500000000e-03
8988 8779 7.8066266893809339519338941215664817718788981437683105468750000000e-03
8776 8780 1.3206323191707586284238118423672858625650405883789062500000000000e-02
8779 8780 1.2849869491491267697869105290919833350926637649536132812500000000e-02
8780 8780 -3.9468849754738848101265347168009611777961254119873046875000000000e-02
8782 8780 6.4225327562976060324917426669344422407448291778564453125000000000e-03
8989 8780 6.9901243152423854845811668212718359427526593208312988281250000000e-03
8769 8781 3.7741541914569388949107775488300831057131290435791015625000000000e-03
8776 8781 7.4867551777547305252857867685634118970483541488647460937500000000e-03
8781 8781 -4.0014735984649725530903907610991154797375202178955078125000000000e-02
8782 8781 1.0566050558557390018354915639520186232402920722961425781250000000e-02
8785 8781 1.8187776056880666092352427654077473562210798263549804687500000000e-02
8780 8782 6.4225327562976060324917426669344422407448291778564453125000000000e-03
8781 8782 1.0566050558557390018354915639520186232402920722961425781250000000e-02
8782 8782 -3.6019467190529008693289370057755149900913238525390625000000000000e-02
8783 8782 1.1935820646770064351605000751987972762435674667358398437500000000e-02
8989 8782 7.0950632289039482908377109993125486653298139572143554687500000000e-03
8782 8783 1.1935820646770064351605000751987972762435674667358398437500000000e-02
8783 8783 -3.9593755438640659827242984647455159574747085571289062500000000000e-02
8784 8783 1.2113199239819478353341608567461662460118532180786132812500000000e-02
8990 8783 8.0221405255354281960133988604866317473351955413818359375000000000e-03
9004 8783 7.5225950265156871915595004907117981929332017898559570312500000000e-03
8783 8784 1.2113199239819478353341608567461662460118532180786132812500000000e-02
8784 8784 -3.8184581589610411267443623728468082845211029052734375000000000000e-02
8785 8784 1.0929981908302147108891233528993325307965278625488281250000000000e-02
9001 8784 7.2483372680727459549943070271638134727254509925842285156250000000e-03
9003 8784 7.8930631734160389828547366164457343984395265579223632812500000000e-03
8770 8785 5.7020403158572659230163282018111203797161579132080078125000000000e-03
8781 8785 1.8187776056880666092352427654077473562210798263549804687500000000e-02
8784 8785 1.0929981908302147108891233528993325307965278625488281250000000000e-02
8785 8785 -4.5484742080419790499767884739412693306803703308105468750000000000e-02
9000 8785 1.0664943799379714844954847308144962880760431289672851562500000000e-02
8786 8786 -4.9936798515650512864105792232294334098696708679199218750000000000e-02
8787 8786 2.1101346155682612626414140777342254295945167541503906250000000000e-02
8789 8786 3.9822593125981376252497945245067967334762215614318847656250000000e-03
8792 8786 7.8260835539968685165002071357776003424078226089477539062500000000e-03
8786 8787 2.1101346155682612626414140777342254295945167541503906250000000000e-02
8787 8787 -4.3846585457369281757511458863518782891333103179931640625000000000e-02
8788 8787 1.0619675004353930705680575385940755950286984443664550781250000000e-02
8790 8787 4.3139886825500056016791106117125309538096189498901367187500000000e-03
9280 8787 7.8115756147827345584611080653303361032158136367797851562500000000e-03
8787 8788 1.0619675004353930705680575385940755950286984443664550781250000000e-02
8788 8788 -4.9679153352296195889081786845054011791944503784179687500000000000e-02
9210 8788 8.1488433925804952540072889632938313297927379608154296875000000000e-03
9281 8788 7.5134711354245533806994750136709626531228423118591308593750000000e-03
8786 8789 3.9822593125981376252497945245067967334762215614318847656250000000e-03
8789 8789 -3.2909737725703484823025490868531051091849803924560546875000000000e-02
8790 8789 2.1101314992424031330431333230990276206284761428833007812500000000e-02
8792 8789 7.8261634206813149999826251246304309461265802383422851562500000000e-03
8787 8790 4.3139886825500056016791106117125309538096189498901367187500000000e-03
8789 8790 2.1101314992424031330431333230990276206284761428833007812500000000e-02
8790 8790 -4.3846520551789086583838184196793008595705032348632812500000000000e-02
8791 8790 1.0619661299510583726823931272065237862989306449890136718750000000e-02
9280 8790 7.8115555773044659249038090820249635726213455200195312500000000000e-03
8790 8791 1.0619661299510583726823931272065237862989306449890136718750000000e-02
8791 8791 -2.6281899552099190209286661001897300593554973602294921875000000000e-02
9279 8791 7.5134857188206873035429822493824758566915988922119140625000000000e-03
9285 8791 8.1487525337679191789197474804495868738740682601928710937500000000e-03
8786 8792 7.8260835539968685165002071357776003424078226089477539062500000000e-03
8789 8792 7.8261634206813149999826251246304309461265802383422851562500000000e-03
8792 8792 -3.9425829547773544314637206298357341438531875610351562500000000000e-02
8793 8793 -3.9425829547773544314637206298357341438531875610351562500000000000e-02
8794 8793 7.8260835539968685165002071357776003424078226089477539062500000000e-03
8797 8793 7.8261634206813149999826251246304309461265802383422851562500000000e-03
8793 8794 7.8260835539968685165002071357776003424078226089477539062500000000e-03
8794 8794 -4.7275448515840770569162998526735464110970497131347656250000000000e-02
8795 8794 1.8439996155872866862024395118169195484369993209838867187500000000e-02
8797 8794 3.9822593125981376252497945245067967334762215614318847656250000000e-03
8794 8795 1.8439996155872866862024395118169195484369993209838867187500000000e-02
8795 8795 -4.5493478297473854965460304811131209135055541992187500000000000000e-02
8796 8795 1.3879475498480548997792816123819648055359721183776855468750000000e-02
8798 8795 5.8680515698784222258788112469574116403236985206604003906250000000e-03
8868 8795 7.3059550732420186144877582989920483669266104698181152343750000000e-03
8795 8796 1.3879475498480548997792816123819648055359721183776855468750000000e-02
8796 8796 -5.0363458229048058134580401201674249023199081420898437500000000000e-02
8864 8796 9.6496359100146141679621436537672707345336675643920898437500000000e-03
8867 8796 6.1352561832802672212028305409603490261361002922058105468750000000e-03
8793 8797 7.8261634206813149999826251246304309461265802383422851562500000000e-03
8794 8797 3.9822593125981376252497945245067967334762215614318847656250000000e-03
8797 8797 -3.0248312424786205632187829905888065695762634277343750000000000000e-02
8798 8797 1.8439889691506755609040624221961479634046554565429687500000000000e-02
8795 8798 5.8680515698784222258788112469574116403236985206604003906250000000e-03
8797 8798 1.8439889691506755609040624221961479634046554565429687500000000000e-02
8798 8798 -4.5493437247763036934689040435841889120638370513916015625000000000e-02
8799 8798 1.3879454615699173339327110454632929759100079536437988281250000000e-02
8868 8798 7.3060413706786909646129224427113513229414820671081542968750000000e-03
8798 8799 1.3879454615699173339327110454632929759100079536437988281250000000e-02
8799 8799 -2.9664364263490103357234772829542635008692741394042968750000000000e-02
8869 8799 6.1352535312627189470480182365008658962324261665344238281250000000e-03
8964 8799 9.6496561165282119382213821268123865593224763870239257812500000000e-03
8800 8800 -4.5528130465927296732786544453119859099388122558593750000000000000e-02
8801 8800 1.4764477485498283745868342009543994208797812461853027343750000000e-02
8806 8800 1.8368008372706277203656455299096705857664346694946289062500000000e-02
8807 8800 5.5601278606061867865184566994685155805200338363647460937500000000e-03
8810 8800 6.8355167471165455272963384913964546285569667816162109375000000000e-03
8800 8801 1.4764477485498283745868342009543994208797812461853027343750000000e-02
8801 8801 -4.0711033189621770311816817411454394459724426269531250000000000000e-02
8802 8801 1.1710811983809016681434833628827618667855858802795410156250000000e-02
8815 8801 5.3115530626289169172093984627736062975600361824035644531250000000e-03
8928 8801 8.9241906576855486304955533682914392556995153427124023437500000000e-03
8801 8802 1.1710811983809016681434833628827618667855858802795410156250000000e-02
8802 8802 -3.6538038493643197612836814869297086261212825775146484375000000000e-02
8803 8802 9.9313047559029272309816249730829440522938966751098632812500000000e-03
8921 8802 7.4480942228967016854879190645988273900002241134643554687500000000e-03
8927 8802 7.4478275310345537496559131795947905629873275756835937500000000000e-03
8802 8803 9.9313047559029272309816249730829440522938966751098632812500000000e-03
8803 8803 -4.0715092054397751530903093453162000514566898345947265625000000000e-02
8804 8803 1.9850428179546734941407493124643224291503429412841796875000000000e-02
8926 8803 7.3473063073661495220312289688990858849138021469116210937500000000e-03
9037 8803 3.5860528115819428722488293459491615067236125469207763671875000000e-03
8803 8804 1.9850428179546734941407493124643224291503429412841796875000000000e-02
8804 8804 -4.6225677275424446877050144166787504218518733978271484375000000000e-02
8805 8804 1.3236291085406524589695997917715430958196520805358886718750000000e-02
9038 8804 5.2793610016057769193653648187591898022219538688659667968750000000e-03
9203 8804 7.8595970088654130286665022708803007844835519790649414062500000000e-03
8804 8805 1.3236291085406524589695997917715430958196520805358886718750000000e-02
8805 8805 -3.3391172902343980999351202854086295701563358306884765625000000000e-02
8806 8805 8.6445126954521507578466099630531971342861652374267578125000000000e-03
8844 8805 6.6660232871290836173527871721944393357262015342712402343750000000e-03
9204 8805 4.8443458343562246365410217663338698912411928176879882812500000000e-03
8800 8806 1.8368008372706277203656455299096705857664346694946289062500000000e-02
8805 8806 8.6445126954521507578466099630531971342861652374267578125000000000e-03
8806 8806 -3.6836485338699542779750117915682494640350341796875000000000000000e-02
8808 8806 3.1995704231064228326153475734372477745637297630310058593750000000e-03
8843 8806 6.6243938474346945877169190453059854917228221893310546875000000000e-03
8800 8807 5.5601278606061867865184566994685155805200338363647460937500000000e-03
8807 8807 -4.8751449304044167099014828181680059060454368591308593750000000000e-02
8808 8807 2.1536489808229440645614971572285867296159267425537109375000000000e-02
8809 8807 1.3585285609400281001124533020174567354843020439147949218750000000e-02
8810 8807 8.0695460258082534615864389593298255931586027145385742187500000000e-03
8806 8808 3.1995704231064228326153475734372477745637297630310058593750000000e-03
8807 8808 2.1536489808229440645614971572285867296159267425537109375000000000e-02
8808 8808 -4.6769018421374243532628867114908643998205661773681640625000000000e-02
8843 8808 8.7668483257229441046876061705006577540189027786254882812500000000e-03
8807 8809 1.3585285609400281001124533020174567354843020439147949218750000000e-02
8809 8809 -4.8584844510916505577746704602759564295411109924316406250000000000e-02
8811 8809 5.6080650837204140332636903565344255184754729270935058593750000000e-03
8873 8809 1.0551707606951414922247245442576968343928456306457519531250000000e-02
8800 8810 6.8355167471165455272963384913964546285569667816162109375000000000e-03
8807 8810 8.0695460258082534615864389593298255931586027145385742187500000000e-03
8810 8810 -4.1499387955306665798360654662246815860271453857421875000000000000e-02
8811 8810 1.1569692218223084911876696878607617691159248352050781250000000000e-02
8815 8810 1.5024632964158780162877704356105823535472154617309570312500000000e-02
8809 8811 5.6080650837204140332636903565344255184754729270935058593750000000e-03
8810 8811 1.1569692218223084911876696878607617691159248352050781250000000000e-02
8811 8811 -3.5863146489765553026618505327860475517809391021728515625000000000e-02
8812 8811 1.4205400499425016938581656233964167768135666847229003906250000000e-02
8873 8811 4.4799886883970362755347238703507173340767621994018554687500000000e-03
8811 8812 1.4205400499425016938581656233964167768135666847229003906250000000e-02
8812 8812 -4.1290186795598024516174007203517248854041099548339843750000000000e-02
8813 8812 1.1349757793853016557550361653738946188241243362426757812500000000e-02
8874 8812 6.9987065513428155238973005225489032454788684844970703125000000000e-03
9019 8812 8.7363219509771789655916407468794204760342836380004882812500000000e-03
8812 8813 1.1349757793853016557550361653738946188241243362426757812500000000e-02
8813 8813 -4.2345400970756473524314600354045978747308254241943359375000000000e-02
8814 8813 1.6702286277538967718125917372162803076207637786865234375000000000e-02
8892 8813 6.0746144845087836697250516238000273006036877632141113281250000000e-03
9020 8813 8.2187424148557029768280557391335605643689632415771484375000000000e-03
8813 8814 1.6702286277538967718125917372162803076207637786865234375000000000e-02
8814 8814 -4.1166761118720071599419441099598770961165428161621093750000000000e-02
8815 8814 1.1781991412369826124906246889167960034683346748352050781250000000e-02
8891 8814 5.3874012936721083280589006392347073415294289588928222656250000000e-03
8929 8814 7.2950821351391728977753281526474893325939774513244628906250000000e-03
8801 8815 5.3115530626289169172093984627736062975600361824035644531250000000e-03
8810 8815 1.5024632964158780162877704356105823535472154617309570312500000000e-02
8814 8815 1.1781991412369826124906246889167960034683346748352050781250000000e-02
8815 8815 -3.8395101731026129443513639216689625754952430725097656250000000000e-02
8928 8815 6.2769242918685992996263856014138582395389676094055175781250000000e-03
8816 8816 -2.6170498106113590508492450226185610517859458923339843750000000000e-02
8817 8816 1.3352826813757481469457921718912984943017363548278808593750000000e-02
8819 8816 5.2952830342779255712315489290631376206874847412109375000000000000e-03
8824 8816 7.5223882580781826004412415898059407481923699378967285156250000000e-03
8816 8817 1.3352826813757481469457921718912984943017363548278808593750000000e-02
8817 8817 -4.1253247859535407959796771137916948646306991577148437500000000000e-02
8818 8817 1.6713683680892137822793230839124589692801237106323242187500000000e-02
8820 8817 6.4393097260876776613547356475919514195993542671203613281250000000e-03
8981 8817 4.7474276387981118735526209206909697968512773513793945312500000000e-03
8817 8818 1.6713683680892137822793230839124589692801237106323242187500000000e-02
8818 8818 -3.3035187189006748331721041722630616277456283569335937500000000000e-02
8980 8818 5.6033907394714699279347769333980977535247802734375000000000000000e-03
9247 8818 1.0718112768643144050439985903722117654979228973388671875000000000e-02
8816 8819 5.2952830342779255712315489290631376206874847412109375000000000000e-03
8819 8819 -4.0214873789529856362712223472044570371508598327636718750000000000e-02
8820 8819 1.6390466081421715960342311291242367587983608245849609375000000000e-02
8823 8819 1.0954699879381499943997724244582059327512979507446289062500000000e-02
8824 8819 7.5744247944487131524171630303499114234000444412231445312500000000e-03
8817 8820 6.4393097260876776613547356475919514195993542671203613281250000000e-03
8819 8820 1.6390466081421715960342311291242367587983608245849609375000000000e-02
8820 8820 -4.3424765921552858916054873361645149998366832733154296875000000000e-02
8821 8820 1.1406963620016202440310415511248720576986670494079589843750000000e-02
8981 8820 9.1880264940272585172387209695443743839859962463378906250000000000e-03
8820 8821 1.1406963620016202440310415511248720576986670494079589843750000000e-02
8821 8821 -3.8678291752585768070726857104091322980821132659912109375000000000e-02
8822 8821 1.1616981730507965064891351403275621123611927032470703125000000000e-02
8924 8821 7.8272631254260004174394538267733878456056118011474609375000000000e-03
8982 8821 7.8270832766356001480856363627935934346169233322143554687500000000e-03
8821 8822 1.1616981730507965064891351403275621123611927032470703125000000000e-02
8822 8822 -4.1567285919631609403257499479877878911793231964111328125000000000e-02
8823 8822 1.6236297467628144769458131690953450743108987808227539062500000000e-02
8925 8822 8.0770948583646692137127942601182439830154180526733398437500000000e-03
9036 8822 5.6369118631308303551952221255305630620568990707397460937500000000e-03
8819 8823 1.0954699879381499943997724244582059327512979507446289062500000000e-02
8822 8823 1.6236297467628144769458131690953450743108987808227539062500000000e-02
8823 8823 -4.2882732670609699510144707801373442634940147399902343750000000000e-02
8825 8823 9.2336579351744389049239103428590169642120599746704101562500000000e-03
9035 8823 6.4580773884256150244032035345753683941438794136047363281250000000e-03
8816 8824 7.5223882580781826004412415898059407481923699378967285156250000000e-03
8819 8824 7.5744247944487131524171630303499114234000444412231445312500000000e-03
8824 8824 -2.5974953612669431091131144739847513847053050994873046875000000000e-02
8825 8824 1.0878140560142532736187526154481020057573914527893066406250000000e-02
8823 8825 9.2336579351744389049239103428590169642120599746704101562500000000e-03
8824 8825 1.0878140560142532736187526154481020057573914527893066406250000000e-02
8825 8825 -4.6295783170397640515769666080814204178750514984130859375000000000e-02
8826 8825 2.1544138465610984667364391498267650604248046875000000000000000000e-02
9035 8825 4.6398462094696911461877419924348942004144191741943359375000000000e-03
8825 8826 2.1544138465610984667364391498267650604248046875000000000000000000e-02
8826 8826 -3.4342509994701182762799618330973316915333271026611328125000000000e-02
9033 8826 8.5014340874175180901017867540758743416517972946166992187500000000e-03
9034 8826 4.2969374416726800053334400786297919694334268569946289062500000000e-03
8827 8827 -4.1591924712904751459952024106314638629555702209472656250000000000e-02
8828 8827 1.7584278204065734857453051631637208629399538040161132812500000000e-02
8830 8827 1.3120721406705575587392509362416603835299611091613769531250000000e-02
8831 8827 6.6523171377956564348510326567520678509026765823364257812500000000e-03
8836 8827 4.2346079643377871823406444207193999318405985832214355468750000000e-03
8827 8828 1.7584278204065734857453051631637208629399538040161132812500000000e-02
8828 8828 -3.9528067023070892482827787262067431584000587463378906250000000000e-02
8829 8828 1.2544407810014219367689136674925975967198610305786132812500000000e-02
8842 8828 3.7068313587043199945625371327651009778492152690887451171875000000e-03
8909 8828 5.6925496502866186968039308169409196125343441963195800781250000000e-03
8768 8829 7.9843319185114690339499787796739838086068630218505859375000000000e-03
8828 8829 1.2544407810014219367689136674925975967198610305786132812500000000e-02
8829 8829 -4.1824272123817937685252843493799446150660514831542968750000000000e-02
8908 8829 4.0617662553100956218665729124950303230434656143188476562500000000e-03
8827 8830 1.3120721406705575587392509362416603835299611091613769531250000000e-02
8830 8830 -4.5706834611544629176638210310557042248547077178955078125000000000e-02
8832 8830 4.7313675719656902995957636903767706826329231262207031250000000000e-03
9157 8830 9.0732230547337037324107100744186027441173791885375976562500000000e-03
8827 8831 6.6523171377956564348510326567520678509026765823364257812500000000e-03
8831 8831 -4.2010438789521729885390044501036754809319972991943359375000000000e-02
8832 8831 1.5425563472526998207157156173252587905153632164001464843750000000e-02
8835 8831 1.0772453238347820189679815428007714217528700828552246093750000000e-02
8836 8831 9.1601049408512550537020402430243848357349634170532226562500000000e-03
8830 8832 4.7313675719656902995957636903767706826329231262207031250000000000e-03
8831 8832 1.5425563472526998207157156173252587905153632164001464843750000000e-02
8832 8832 -3.8423153450941258113537912777246674522757530212402343750000000000e-02
8833 8832 1.1727862296921695919871275748391781235113739967346191406250000000e-02
9157 8832 6.5383601095268762889989311304361763177439570426940917968750000000e-03
8832 8833 1.1727862296921695919871275748391781235113739967346191406250000000e-02
8833 8833 -4.0871776070945727010741421736383927054703235626220703125000000000e-02
8834 8833 1.3869594332912333831120399452174751786515116691589355468750000000e-02
9083 8833 7.4904040679936211358236342050531675340607762336730957031250000000e-03
9155 8833 7.7839153731180700523939464119393960572779178619384765625000000000e-03
8833 8834 1.3869594332912333831120399452174751786515116691589355468750000000e-02
8834 8834 -3.8950165773984732342505310498381732031702995300292968750000000000e-02
8835 8834 1.2124308222964919404263106628150126198306679725646972656250000000e-02
9084 8834 6.3529767583526530055904046889736491721123456954956054687500000000e-03
9088 8834 6.6032864597548217647227097870654688449576497077941894531250000000e-03
8831 8835 1.0772453238347820189679815428007714217528700828552246093750000000e-02
8834 8835 1.2124308222964919404263106628150126198306679725646972656250000000e-02
8835 8835 -3.8340612122814470008602683037679526023566722869873046875000000000e-02
8837 8835 7.7219652765453247397764435788758419221267104148864746093750000000e-03
9089 8835 7.7218853849564048075215794142422964796423912048339843750000000000e-03
8827 8836 4.2346079643377871823406444207193999318405985832214355468750000000e-03
8831 8836 9.1601049408512550537020402430243848357349634170532226562500000000e-03
8836 8836 -4.6170088807346930381836358492364524863660335540771484375000000000e-02
8837 8836 7.9228330932678611014940983636734017636626958847045898437500000000e-03
8842 8836 2.4852542808890029646384789430157979950308799743652343750000000000e-02
8835 8837 7.7219652765453247397764435788758419221267104148864746093750000000e-03
8836 8837 7.9228330932678611014940983636734017636626958847045898437500000000e-03
8837 8837 -3.3308967532219381502134325501174316741526126861572265625000000000e-02
8838 8837 1.4224552453927232290031845707289903657510876655578613281250000000e-02
9089 8837 3.4396167084789612024275928803263013833202421665191650390625000000e-03
8837 8838 1.4224552453927232290031845707289903657510876655578613281250000000e-02
8838 8838 -3.9550719310526630256852342881757067516446113586425781250000000000e-02
8839 8838 1.5612930839145311087690082274548331042751669883728027343750000000e-02
9090 8838 5.5315086687898690556708380938744085142388939857482910156250000000e-03
9143 8838 4.1817273486642152213743628408337826840579509735107421875000000000e-03
8838 8839 1.5612930839145311087690082274548331042751669883728027343750000000e-02
8839 8839 -3.9503559177669629598472766929262434132397174835205078125000000000e-02
8840 8839 1.4129228858321131803710279939423344330862164497375488281250000000e-02
8920 8839 5.6436128814909532550037063458603370236232876777648925781250000000e-03
9142 8839 4.1177865987122317173452223926233273232355713844299316406250000000e-03
8839 8840 1.4129228858321131803710279939423344330862164497375488281250000000e-02
8840 8840 -3.3747230974553260596238146717951167374849319458007812500000000000e-02
8841 8840 8.7411278942429188748564072852786921430379152297973632812500000000e-03
8904 8840 7.6343164181691116829120424824850488221272826194763183593750000000e-03
8916 8840 3.2425578038200986684402860049658556818030774593353271484375000000e-03
8840 8841 8.7411278942429188748564072852786921430379152297973632812500000000e-03
8841 8841 -3.2543494682929906269830411247312440536916255950927734375000000000e-02
8842 8841 8.3412330326266340141394550755649106577038764953613281250000000000e-03
8905 8841 6.9444459004874801999473987734745605848729610443115234375000000000e-03
8910 8841 8.5166878555728766503341020666084659751504659652709960937500000000e-03
8828 8842 3.7068313587043199945625371327651009778492152690887451171875000000e-03
8836 8842 2.4852542808890029646384789430157979950308799743652343750000000000e-02
8841 8842 8.3412330326266340141394550755649106577038764953613281250000000000e-03
8842 8842 -4.7566890991467082605570482201073900796473026275634765625000000000e-02
8909 8842 1.0666283791246103720973259498805418843403458595275878906250000000e-02
8806 8843 6.6243938474346945877169190453059854917228221893310546875000000000e-03
8808 8843 8.7668483257229441046876061705006577540189027786254882812500000000e-03
8843 8843 -4.7182026334847526616300683599547483026981353759765625000000000000e-02
8844 8843 1.3114946991166663223249422287608467740938067436218261718750000000e-02
8805 8844 6.6660232871290836173527871721944393357262015342712402343750000000e-03
8843 8844 1.3114946991166663223249422287608467740938067436218261718750000000e-02
8844 8844 -5.1311982596372235354564850240421947091817855834960937500000000000e-02
9204 8844 8.8403056806542149731464874662378861103206872940063476562500000000e-03
8845 8845 -3.9269895124758320836821923194293049164116382598876953125000000000e-02
8846 8845 1.7932455143040690326294850365229649469256401062011718750000000000e-02
8850 8845 9.1537018086617731593701563497234019450843334197998046875000000000e-03
8851 8845 7.8030418882624316342933035173246025806292891502380371093750000000e-03
8857 8845 4.3806962847934248495018749736118479631841182708740234375000000000e-03
8845 8846 1.7932455143040690326294850365229649469256401062011718750000000000e-02
8846 8846 -4.4725144565745292291047974231332773342728614807128906250000000000e-02
8847 8846 1.3630767141339266909638716640529310097917914390563964843750000000e-02
8863 8846 5.8456613955769846230348107951613201294094324111938476562500000000e-03
9111 8846 7.3162608857883504320795964304124936461448669433593750000000000000e-03
8846 8847 1.3630767141339266909638716640529310097917914390563964843750000000e-02
8847 8847 -3.9672635308959820765739578973807510919868946075439453125000000000e-02
8848 8847 1.1435422721514404420517507787735667079687118530273437500000000000e-02
9106 8847 8.0809857009011849121593584754918992985039949417114257812500000000e-03
9110 8847 6.5254597452049671255092100352612760616466403007507324218750000000e-03
8847 8848 1.1435422721514404420517507787735667079687118530273437500000000000e-02
8848 8848 -4.0069972257221204980925932659374666400253772735595703125000000000e-02
8849 8848 1.5017466850475278891674513204179675085470080375671386718750000000e-02
9059 8848 5.3398134463552501816074880025553284212946891784667968750000000000e-03
9105 8848 8.2772692388762697524029476880969014018774032592773437500000000000e-03
8848 8849 1.5017466850475278891674513204179675085470080375671386718750000000e-02
8849 8849 -3.8718705824038884832916096456756349653005599975585937500000000000e-02
8850 8849 1.3634454166795128768341349712045484920963644981384277343750000000e-02
8914 8849 5.0333924033842385864501167702655948232859373092651367187500000000e-03
9058 8849 5.0333924033842385864501167702655948232859373092651367187500000000e-03
8845 8850 9.1537018086617731593701563497234019450843334197998046875000000000e-03
8849 8850 1.3634454166795128768341349712045484920963644981384277343750000000e-02
8850 8850 -3.9005138069816376600318363898622919805347919464111328125000000000e-02
8852 8850 1.0359056777297107054813807280879700556397438049316406250000000000e-02
8913 8850 5.8579253170623702198782645211849740007892251014709472656250000000e-03
8845 8851 7.8030418882624316342933035173246025806292891502380371093750000000e-03
8851 8851 -3.4447192131234677381357300873787607997655868530273437500000000000e-02
8852 8851 9.1345057018389179404049826871414552442729473114013671875000000000e-03
8856 8851 9.7066979030981884873918730249897635076195001602172851562500000000e-03
8857 8851 7.8029466380351358498201896907175978412851691246032714843750000000e-03
8850 8852 1.0359056777297107054813807280879700556397438049316406250000000000e-02
8851 8852 9.1345057018389179404049826871414552442729473114013671875000000000e-03
8852 8852 -3.9099125091088475503209309636076795868575572967529296875000000000e-02
8853 8852 1.5936203421147210335107047285418957471847534179687500000000000000e-02
8913 8852 3.6693591908052419076069483594437770079821348190307617187500000000e-03
8852 8853 1.5936203421147210335107047285418957471847534179687500000000000000e-02
8853 8853 -3.8569463965670791605333533880184404551982879638671875000000000000e-02
8854 8853 1.4480948981744937512083915009952761465683579444885253906250000000e-02
8915 8853 4.0500725409075054653240677282610704423859715461730957031250000000e-03
9241 8853 4.1022390218711339560098139145338791422545909881591796875000000000e-03
8853 8854 1.4480948981744937512083915009952761465683579444885253906250000000e-02
8854 8854 -3.9150084882163739552485282047200598753988742828369140625000000000e-02
8855 8854 7.5298430630477732050653827400310547091066837310791015625000000000e-03
9201 8854 1.2590939193800630702124720983192673884332180023193359375000000000e-02
9240 8854 4.5483536435703963984877873372170142829418182373046875000000000000e-03
8854 8855 7.5298430630477732050653827400310547091066837310791015625000000000e-03
8855 8855 -4.5791151039954375301377353935095015913248062133789062500000000000e-02
8856 8855 2.4783337515659698002679078854271210730075836181640625000000000000e-02
9134 8855 3.6616700983962990369191548012395287514664232730865478515625000000e-03
9196 8855 9.8163003628506072251180825105620897375047206878662109375000000000e-03
8851 8856 9.7066979030981884873918730249897635076195001602172851562500000000e-03
8855 8856 2.4783337515659698002679078854271210730075836181640625000000000000e-02
8856 8856 -5.0569412568864428869641614028296316973865032196044921875000000000e-02
8858 8856 1.1696890687312996165436729256725811865180730819702148437500000000e-02
9133 8856 4.3824864627935488162191468575201724888756871223449707031250000000e-03
8845 8857 4.3806962847934248495018749736118479631841182708740234375000000000e-03
8851 8857 7.8029466380351358498201896907175978412851691246032714843750000000e-03
8857 8857 -3.8970087834122243974910304586956044659018516540527343750000000000e-02
8858 8857 8.8542621015717283550205962683321558870375156402587890625000000000e-03
8863 8857 1.7932182809721957522652857619505084585398435592651367187500000000e-02
8856 8858 1.1696890687312996165436729256725811865180730819702148437500000000e-02
8857 8858 8.8542621015717283550205962683321558870375156402587890625000000000e-03
8858 8858 -4.1154086173792660263703879763852455653250217437744140625000000000e-02
8859 8858 1.5639040049152702627210942409874405711889266967773437500000000000e-02
9133 8858 4.9638933357552339833973498173236293951049447059631347656250000000e-03
8858 8859 1.5639040049152702627210942409874405711889266967773437500000000000e-02
8859 8859 -3.9627599254547361817824224772266461513936519622802734375000000000e-02
8860 8859 1.2341904372997383743104649056476773694157600402832031250000000000e-02
9012 8859 5.6509906356458552284527385722867620643228292465209960937500000000e-03
9140 8859 5.9956641967514158822472047916107840137556195259094238281250000000e-03
8859 8860 1.2341904372997383743104649056476773694157600402832031250000000000e-02
8860 8860 -3.3987730679164253333457423877916880883276462554931640625000000000e-02
8861 8860 1.3218106025205149031687135163792845560237765312194824218750000000e-02
9011 8860 4.3314218438061545188300094366695702774450182914733886718750000000e-03
9262 8860 4.0962984371555617030269402789599553216248750686645507812500000000e-03
8860 8861 1.3218106025205149031687135163792845560237765312194824218750000000e-02
8861 8861 -3.3797008660762364873342278315249131992459297180175781250000000000e-02
8862 8861 1.1838549358371020653324379168225277680903673171997070312500000000e-02
9261 8861 3.7119764972020491411441867057874333113431930541992187500000000000e-03
9266 8861 5.0283767799841469145483152658471226459369063377380371093750000000e-03
8861 8862 1.1838549358371020653324379168225277680903673171997070312500000000e-02
8862 8862 -3.8307283645398176874508067157876212149858474731445312500000000000e-02
8863 8862 1.1840725165782111857892822115445596864446997642517089843750000000e-02
9112 8862 8.4913871658982304629903481441033363807946443557739257812500000000e-03
9267 8862 6.1366219553468191044709456605232844594866037368774414062500000000e-03
8846 8863 5.8456613955769846230348107951613201294094324111938476562500000000e-03
8857 8863 1.7932182809721957522652857619505084585398435592651367187500000000e-02
8862 8863 1.1840725165782111857892822115445596864446997642517089843750000000e-02
8863 8863 -4.2934720821790395284267560782609507441520690917968750000000000000e-02
9111 8863 7.3161514507093430154105462293046002741903066635131835937500000000e-03
8796 8864 9.6496359100146141679621436537672707345336675643920898437500000000e-03
8864 8864 -4.5674000846676388043476890743477270007133483886718750000000000000e-02
8865 8864 1.3273581735197784170487977917218813672661781311035156250000000000e-02
8867 8864 4.6608091140874366789526028753698483342304825782775878906250000000e-03
8864 8865 1.3273581735197784170487977917218813672661781311035156250000000000e-02
8865 8865 -4.8076449355624800707786903330998029559850692749023437500000000000e-02
8866 8865 2.2198462562755972432571027752601366955786943435668945312500000000e-02
8872 8865 8.0312488708808617288159581448780954815447330474853515625000000000e-03
9062 8865 4.5731561867901797738267255510891118319705128669738769531250000000e-03
